==================== tes6_16 ====================
nodesize is 88
Node   1 (14): 101 103 108 112 113 114 115 118 119 121 123 126 134 139 
Node   2 (11): 140 142 144 145 146 147 148 152 156 163 166 
Node   3 (10): 169 171 172 175 186 190 193 195 196 197 
Node   4 (14): 201 202 204 205 207 208 209 210 211 212 214 216 217 223 
Node   5 ( 9): 226 232 238 247 250 252 253 257 259 
Node   6 (11): 260 262 267 269 272 274 278 279 281 291 295 
Node   7 (14): 296 298 302 308 310 311 313 315 321 323 331 335 339 342 
Node   8 (14): 343 344 345 349 350 353 359 361 366 371 373 383 387 395 
Node   9 (10): 397 406 414 418 422 424 434 442 456 458 
Node  10 ( 8): 464 469 470 476 477 478 480 485 
Node  11 ( 9): 486 487 489 491 492 493 495 498 503 
Node  12 (12): 505 511 513 514 515 517 526 529 538 540 541 548 
Node  13 (14): 567 571 574 579 580 583 590 591 600 601 603 606 610 615 
Node  14 ( 9): 618 625 629 634 635 638 645 650 652 
Node  15 (10): 654 662 663 666 667 669 673 674 684 685 
Node  16 (11): 696 697 698 699 703 705 723 730 737 739 742 
Node  17 (10): 745 755 756 759 764 766 768 771 774 776 
Node  18 ( 9): 784 785 792 803 805 806 808 809 810 
Node  19 (15): 813 814 815 829 830 832 840 844 851 853 859 860 862 865 868 
Node  20 ( 9): 869 877 878 883 889 894 896 903 906 
Node  21 ( 8): 914 917 919 920 924 925 933 943 
Node  22 (14): 945 948 957 958 971 976 980 983 985 986 988 993 995 998 
Node  23 (15): 309 318 337 364 377 389 393 405 436 463 484 501 506 516 535 
Node  24 ( 9): 537 542 547 552 558 560 569 573 594 
Node  25 ( 9): 597 612 631 649 655 681 693 790 804 
Node  26 (12): 807 881 897 904 923 931 946 959 962 964 965 977 
Node  27 (10): 726 758 821 842 866 887 892 911 916 969 

Found 119 at index 8
Found 842 at index 293
Found 946 at index 284
Found 573 at index 267
Found 296 at index 69
Found 868 at index 213
Found 917 at index 224
Found 638 at index 155
Found 958 at index 234
Found 603 at index 146
Found 121 at index 9
Found 742 at index 179
Found 217 at index 47
Found 373 at index 93
Found 515 at index 128

Asize: 16
Items: 300
Nodes: 27
Average items per node: 11.1111
Node utilization: 69.4%


==================== test5_64 ====================
nodesize is 280
Node   1 (52): 101 102 103 106 111 113 115 116 121 122 123 127 130 132 134 135 137 139 140 143 147 150 152 157 160 162 167 169 171 176 178 185 187 247 300 346 404 433 479 596 606 609 671 690 746 861 867 892 908 919 965 999 
Node   2 (35): 188 192 193 198 205 207 208 210 222 231 235 237 239 241 246 253 258 261 262 267 271 277 280 289 290 292 293 296 299 301 306 307 309 310 312 
Node   3 (58): 316 321 324 326 327 333 335 339 341 345 347 349 350 352 366 367 370 378 379 383 390 396 401 402 403 411 412 413 417 419 420 423 426 428 431 434 442 443 444 447 448 449 451 454 456 458 464 470 471 472 475 477 484 485 486 487 491 492 
Node   4 (34): 500 504 509 510 518 519 520 521 522 523 525 526 527 531 533 543 544 549 550 551 559 560 564 567 571 574 575 577 584 585 586 587 597 598 
Node   5 (36): 600 602 604 605 611 612 613 629 631 640 642 644 645 647 650 653 659 663 666 667 668 669 670 679 680 683 684 688 689 696 699 700 705 707 711 713 
Node   6 (42): 723 724 726 727 730 731 732 733 734 742 749 755 763 764 767 768 770 776 777 780 781 784 788 797 801 805 807 809 810 812 826 829 830 838 842 846 857 858 862 865 871 875 
Node   7 (43): 884 893 896 898 899 901 902 905 912 915 916 921 924 927 929 930 931 935 936 937 941 942 943 945 951 954 958 961 963 966 967 968 971 975 977 978 980 985 988 992 994 995 998 

Found 352 at index 100
Found 316 at index 87
Found 577 at index 172
Found 600 at index 179
Found 458 at index 132
Found 526 at index 156
Found 417 at index 115
Found 157 at index 23
Found 912 at index 265
Found 271 at index 72
Found 942 at index 278
Found 193 at index 54
Found 103 at index 2
Found 961 at index 284
Found 341 at index 95

Asize: 64
Items: 300
Nodes: 7
Average items per node: 42.9
Node utilization: 67%


==================== test5_512 ====================
nodesize is 2072
Found 7353 at index 5645
Found 8331 at index 6511
Found 7776 at index 6020
Found 9691 at index 7715
Found 1749 at index 653
Found 2511 at index 1320
Found 9467 at index 7523
Found 5512 at index 4004
Found 3348 at index 2070
Found 6028 at index 4470
Found 1060 at index 48
Found 1404 at index 345
Found 1752 at index 656
Found 4108 at index 2740
Found 9276 at index 7348
Found 3550 at index 2253
Found 9103 at index 7197
Found 5481 at index 3975
Found 2480 at index 1293
Found 8205 at index 6396

Asize: 512
Items: 8000
Nodes: 23
Average items per node: 348
Node utilization: 67.9%


